start: S/kbgs/p---/----/---P/SGBK/-
perft(1) =                9   bf≈  9.00   (1.417µs)
perft(2) =               81   bf≈  9.00   (11.208µs)
perft(3) =              812   bf≈ 10.02   (61.041µs)
perft(4) =             8512   bf≈ 10.48   (513.625µs)
perft(5) =            97321   bf≈ 11.43   (5.015542ms)
perft(6) =          1213695   bf≈ 12.47   (36.508084ms)
